1000000000000000
100110001001000110011001100100101001101010010011000101100011010000111000101100010011111100110110001100100001011010010001100100001001000010010000
100111001001110000010110001101000011100010110001001111110011011000110010000101101001100010011100100111001001000010010000
100100011001000100010110001101000011100010110001001111110011011000110010000101101001100110011001100100001001000010010000
100110001001000110011001000101100011010000111000101100010011111100110110001100100001011010011100100110001001000010010000
100110001001000110011001000101101001100010010001100110011001001000010110100100011001101010010000100100001001000010010000
1001100010010001000101101001100010010001100110010001011010011001100100001001000010010000
100110001001000110011001100100101001101000010110100110001001000110011001000101101001100010010000100100001001000010010000
10011000100100101001101100010110100110001001000110011001000101101001000110011011100100001001000010010000
10011000100100101001101100010110100110001001000110011001000101101001010010011010100100001001000010010000
10011001100100011001100000010110100110001001000110011001000101101001101110010100100100001001000010010000
